egras: minimax(2)
blancas: poda(4)

las negras:
ganaron: 1
empataron: 2
perdieron: 7
total juegos: 10


Empate
Nodos expandidos por el jugador negro: 4099
Nodos expandidos por el jugador blanco: 32036
Tiempo negras:
[0.16733169555664062, 0.202012300491333, 0.23403263092041016, 0.20002532005310059, 0.20301079750061035, 0.19001269340515137, 0.1650083065032959, 0.10500788688659668, 0.11800837516784668, 0.13800930976867676, 0.1660163402557373, 0.0690009593963623, 0.06300997734069824, 0.059004783630371094, 0.08100581169128418, 0.11701059341430664, 0.058004140853881836, 0.08000588417053223, 0.04599404335021973, 0.10100769996643066, 0.10101866722106934, 0.0780801773071289, 0.04700732231140137, 0.03900647163391113, 0.045999765396118164, 0.09100651741027832, 0.04900336265563965, 0.05506730079650879, 0.07600545883178711, 0.08600425720214844, 0.08800625801086426, 0.13200974464416504, 0.09901070594787598, 0.11301565170288086, 0.1420142650604248, 0.04099893569946289, 0.11600852012634277, 0.1241312026977539, 0.07201647758483887, 0.06100893020629883, 0.08001184463500977, 0.07100892066955566, 0.060004234313964844, 0.0970158576965332, 0.06800413131713867, 0.0560154914855957, 0.06600546836853027, 0.07798266410827637, 0.2560157775878906, 0.04599928855895996, 0.10600399971008301, 0.06100773811340332, 0.048009634017944336, 0.07300496101379395, 0.04901480674743652, 0.07200908660888672, 0.09000682830810547, 0.033002376556396484, 0.11299800872802734, 0.05402016639709473, 0.16714096069335938, 0.04001116752624512, 0.09700679779052734, 0.04601764678955078, 0.1130075454711914, 0.07900786399841309, 0.08901333808898926, 0.14201045036315918, 0.08399176597595215, 0.12200021743774414, 0.12300968170166016, 0.09000635147094727, 0.0610041618347168, 0.09000205993652344, 0.09401202201843262, 0.08401131629943848, 0.059003591537475586, 0.0480036735534668, 0.05899643898010254]
Tiempo blancas
[2.014249563217163, 3.101300001144409, 1.883338212966919, 3.029447555541992, 3.803396224975586, 3.0384764671325684, 2.1354129314422607, 2.6723713874816895, 1.6356987953186035, 1.4323437213897705, 1.7521567344665527, 1.0160834789276123, 0.9651446342468262, 1.6201202869415283, 2.1931633949279785, 1.6001145839691162, 1.584357500076294, 1.4791553020477295, 1.7954423427581787, 2.299816131591797, 1.9634284973144531, 2.501178741455078, 1.1783196926116943, 0.7620449066162109, 1.7183005809783936, 1.6073887348175049, 1.7243213653564453, 3.268955945968628, 2.4642446041107178, 2.255171060562134, 3.9565188884735107, 1.684680461883545, 3.0813851356506348, 1.6641180515289307, 1.9723434448242188, 2.0605344772338867, 1.6963024139404297, 1.0351345539093018, 1.8271477222442627, 0.775057315826416, 1.3660926818847656, 1.0183594226837158, 0.9560592174530029, 0.9470696449279785, 1.378406286239624, 0.8056447505950928, 1.0242335796356201, 1.1220812797546387, 2.4113872051239014, 0.8370747566223145, 1.0960755348205566, 0.7462832927703857, 0.58203125, 0.8830647468566895, 0.7080543041229248, 0.7680454254150391, 0.9430737495422363, 0.8128712177276611, 1.2692370414733887, 1.2171449661254883, 3.19775652885437, 0.9833014011383057, 1.6231205463409424, 1.186410665512085, 1.633192539215088, 1.4110944271087646, 2.0681440830230713, 2.47139048576355, 1.7905502319335938, 1.6304943561553955, 2.255167007446289, 1.4631695747375488, 1.0860891342163086, 0.9970285892486572, 1.3921029567718506, 2.195162773132324, 1.3252079486846924, 0.7385177612304688, 0.8781452178955078]


Ganador: Blanco
Nodos expandidos por el jugador negro: 1747
Nodos expandidos por el jugador blanco: 15795
Tiempo negras:
[0.14502739906311035, 0.17202234268188477, 0.18401360511779785, 0.12101244926452637, 0.254011869430542, 0.2670280933380127, 0.27690577507019043, 0.2241067886352539, 0.2560276985168457, 0.1900310516357422, 0.2068650722503662, 0.09900712966918945, 0.07601714134216309, 0.029001951217651367, 0.02000284194946289, 0.03600311279296875, 0.031001567840576172, 0.04300689697265625, 0.035002946853637695, 0.04000234603881836, 0.022004365921020508, 0.045003414154052734, 0.039002418518066406, 0.06400465965270996, 0.07501006126403809, 0.06708598136901855, 0.09707236289978027, 0.047959327697753906, 0.12800979614257812, 0.024003267288208008, 0.0850059986114502, 0.02200794219970703, 0.08600497245788574, 0.04100298881530762, 0.01700115203857422, 0.08101058006286621, 0.020000934600830078, 0.08101081848144531, 0.019001245498657227]
Tiempo blancas
[2.424165964126587, 2.3881547451019287, 2.5739736557006836, 2.587059259414673, 3.3585026264190674, 2.466538429260254, 4.8888022899627686, 5.085362434387207, 3.7438714504241943, 1.7922871112823486, 2.279733657836914, 0.8365633487701416, 0.35101962089538574, 0.38901495933532715, 0.2391676902770996, 0.33638644218444824, 0.8261325359344482, 0.6620485782623291, 0.3500053882598877, 0.6015152931213379, 1.1593501567840576, 1.8651435375213623, 2.0432016849517822, 1.217090129852295, 1.3565852642059326, 1.5532305240631104, 1.8684923648834229, 1.7972133159637451, 2.8942995071411133, 2.0227842330932617, 1.4321060180664062, 1.0693366527557373, 1.5603976249694824, 1.7622051239013672, 0.5790379047393799, 1.427211046218872, 0.8161282539367676, 1.4512338638305664, 0.8520588874816895]


Ganador: Blanco
Nodos expandidos por el jugador negro: 3720
Nodos expandidos por el jugador blanco: 33274
Tiempo negras:
[0.14502453804016113, 0.19001388549804688, 0.18401145935058594, 0.18701410293579102, 0.12300848960876465, 0.1480088233947754, 0.08300542831420898, 0.10300755500793457, 0.06499958038330078, 0.06201291084289551, 0.09801220893859863, 0.09300684928894043, 0.07300567626953125, 0.06800532341003418, 0.04500293731689453, 0.07000494003295898, 0.05500364303588867, 0.05300307273864746, 0.15201091766357422, 0.10601234436035156, 0.08600068092346191, 0.12401580810546875, 0.09400653839111328, 0.09401154518127441, 0.055004119873046875, 0.05301475524902344, 0.052007436752319336, 0.057004451751708984, 0.04900383949279785, 0.07500505447387695, 0.07700538635253906, 0.10100793838500977, 0.05400419235229492, 0.0740056037902832, 0.026001691818237305, 0.12000846862792969, 0.07000517845153809, 0.05600380897521973, 0.06199979782104492, 0.06800484657287598, 0.07000470161437988, 0.07000994682312012, 0.09200763702392578, 0.15101122856140137, 0.11700129508972168, 0.16089677810668945, 0.11000800132751465, 0.12700176239013672, 0.09700632095336914, 0.11101150512695312, 0.11000823974609375, 0.1330106258392334, 0.1090083122253418, 0.10800719261169434, 0.11900830268859863, 0.1170034408569336, 0.10999917984008789, 0.07000494003295898, 0.062010765075683594, 0.07100486755371094, 0.07800507545471191, 0.1110084056854248, 0.10500836372375488, 0.06900501251220703, 0.02200150489807129, 0.022004365921020508, 0.06500506401062012, 0.0169980525970459]
Tiempo blancas
[2.007387638092041, 2.30617618560791, 2.5174379348754883, 1.670128345489502, 2.3754563331604004, 1.9261431694030762, 1.9735040664672852, 1.0750799179077148, 0.6932415962219238, 1.0940845012664795, 2.5451881885528564, 1.5361120700836182, 0.8710815906524658, 0.782057523727417, 0.7410480976104736, 1.05507493019104, 1.8091392517089844, 2.6661927700042725, 2.7362029552459717, 2.4581820964813232, 2.6492867469787598, 2.997513771057129, 1.2100880146026611, 2.7015633583068848, 0.8962609767913818, 0.5760371685028076, 0.7400550842285156, 0.679166316986084, 0.49213218688964844, 0.895148754119873, 0.8021435737609863, 1.3811016082763672, 1.2680890560150146, 1.1331946849822998, 0.887152910232544, 1.5861151218414307, 0.9776637554168701, 0.6540484428405762, 0.7190485000610352, 0.7890586853027344, 1.1910874843597412, 1.2122933864593506, 1.537193775177002, 2.836456775665283, 2.1783554553985596, 2.777322769165039, 1.9084696769714355, 3.2055599689483643, 2.2115139961242676, 2.9212117195129395, 2.635387420654297, 3.6292684078216553, 3.2335221767425537, 3.524343252182007, 3.0055038928985596, 4.798584222793579, 2.840466260910034, 2.1809892654418945, 1.5906002521514893, 2.4985806941986084, 1.9261949062347412, 4.624207496643066, 5.03180718421936, 2.7612721920013428, 1.0174357891082764, 0.861396074295044, 1.0880711078643799, 0.9294476509094238]


Ganador: Blanco
Nodos expandidos por el jugador negro: 10163
Nodos expandidos por el jugador blanco: 81703
Tiempo negras:
[0.19629883766174316, 0.18201351165771484, 0.21901631355285645, 0.24113130569458008, 0.24070191383361816, 0.2640242576599121, 0.2429947853088379, 0.14901137351989746, 0.13721489906311035, 0.05900382995605469, 0.038002967834472656, 0.04000353813171387, 0.020006418228149414, 0.06700682640075684, 0.10800838470458984, 0.10500764846801758, 0.07700610160827637, 0.13401079177856445, 0.08201217651367188, 0.17209148406982422, 0.1440117359161377, 0.06000947952270508, 0.10500645637512207, 0.06700515747070312, 0.1130208969116211, 0.0980074405670166, 0.0740053653717041, 0.13400936126708984, 0.1390056610107422, 0.10900759696960449, 0.14701032638549805, 0.14001083374023438, 0.10100698471069336, 0.1500108242034912, 0.11000895500183105, 0.08401036262512207, 0.1350100040435791, 0.08900594711303711, 0.18601441383361816, 0.1480109691619873, 0.15802597999572754, 0.16100573539733887, 0.0870063304901123, 0.17301249504089355, 0.21001505851745605, 0.16301202774047852, 0.1861727237701416, 0.14301085472106934, 0.13701200485229492, 0.10901141166687012, 0.08800697326660156, 0.06499958038330078, 0.04600334167480469, 0.04300379753112793, 0.04500842094421387, 0.06600475311279297, 0.0370023250579834, 0.03200244903564453, 0.05900263786315918, 0.07100486755371094, 0.08600664138793945, 0.0420079231262207, 0.08300590515136719, 0.12300920486450195, 0.08400583267211914, 0.08901000022888184, 0.14701128005981445, 0.14501023292541504, 0.09400701522827148, 0.08305120468139648, 0.12500929832458496, 0.07527804374694824, 0.1072990894317627, 0.1480109691619873, 0.19301414489746094, 0.20101404190063477, 0.13701081275939941, 0.14701294898986816, 0.0980072021484375, 0.1350104808807373, 0.18901777267456055, 0.10800814628601074, 0.21145153045654297, 0.13294744491577148, 0.19501423835754395, 0.17901301383972168, 0.13800978660583496, 0.1460108757019043, 0.16501164436340332, 0.10100293159484863, 0.09700679779052734, 0.11700892448425293, 0.07900619506835938, 0.10100722312927246, 0.18210864067077637, 0.12001276016235352, 0.10400581359863281, 0.10000753402709961, 0.2330167293548584, 0.150010347366333, 0.16001176834106445, 0.1310100555419922, 0.12500977516174316, 0.13997459411621094, 0.16502809524536133, 0.1370100975036621, 0.16501164436340332, 0.14301013946533203, 0.1784040927886963, 0.15301108360290527, 0.14200901985168457, 0.14901065826416016, 0.1479942798614502, 0.20601558685302734, 0.1240243911743164, 0.10300755500793457, 0.07700610160827637, 0.048003435134887695, 0.07000398635864258, 0.02500176429748535, 0.013000726699829102, 0.062005043029785156, 0.0370028018951416, 0.05000758171081543, 0.05100440979003906, 0.08408045768737793, 0.05800962448120117, 0.10701346397399902, 0.08000493049621582, 0.10600781440734863, 0.04600358009338379, 0.04600334167480469, 0.03200221061706543, 0.03400754928588867, 0.03400278091430664, 0.07300353050231934, 0.11400914192199707, 0.062004804611206055, 0.06800961494445801, 0.02700185775756836, 0.026001930236816406, 0.03300189971923828, 0.054253339767456055, 0.03994917869567871, 0.06800484657287598, 0.026001930236816406, 0.04400372505187988, 0.026002168655395508, 0.05800485610961914, 0.015017509460449219, 0.028001785278320312, 0.013000726699829102, 0.03200173377990723, 0.017001628875732422]
Tiempo blancas
[2.13462495803833, 2.427234411239624, 2.4932539463043213, 3.4787964820861816, 2.7372889518737793, 3.52925968170166, 2.4793128967285156, 1.2360875606536865, 1.0500774383544922, 0.8081498146057129, 0.3480255603790283, 0.37003254890441895, 0.7193078994750977, 1.4621074199676514, 2.309171199798584, 1.031076192855835, 1.6455574035644531, 1.5672004222869873, 2.132584810256958, 1.4340999126434326, 1.2340483665466309, 0.7201025485992432, 0.803076982498169, 1.0322864055633545, 1.43410062789917, 1.0740795135498047, 1.1367406845092773, 4.615890264511108, 1.6772451400756836, 2.3568766117095947, 2.050440788269043, 2.2784292697906494, 1.9541447162628174, 2.128157615661621, 1.7783401012420654, 1.6281194686889648, 2.642530679702759, 1.7852058410644531, 2.7664058208465576, 2.5295701026916504, 4.9279491901397705, 5.700424432754517, 3.0903663635253906, 5.2193825244903564, 4.545335054397583, 3.1876869201660156, 4.027379274368286, 2.8617851734161377, 3.176736831665039, 1.5651161670684814, 1.236095666885376, 1.3220980167388916, 0.90606689453125, 1.4601078033447266, 1.2350914478302002, 1.0620837211608887, 0.697052001953125, 0.964317798614502, 2.8515737056732178, 1.3652496337890625, 1.4471845626831055, 1.8981404304504395, 1.7841310501098633, 1.5691215991973877, 2.321171522140503, 4.672533273696899, 5.92681622505188, 1.9251432418823242, 2.282435178756714, 3.8745269775390625, 2.3014414310455322, 3.9543535709381104, 1.923318862915039, 4.211667776107788, 3.6503493785858154, 3.1712350845336914, 2.2791693210601807, 1.9331443309783936, 2.4563794136047363, 3.8813562393188477, 3.4555423259735107, 3.482253313064575, 2.5184314250946045, 3.237431287765503, 5.46262001991272, 4.029978275299072, 2.547771453857422, 5.485945463180542, 2.774205446243286, 1.909954309463501, 3.2332398891448975, 2.3081705570220947, 2.4891843795776367, 4.654233932495117, 2.790489435195923, 2.849687337875366, 3.3597514629364014, 3.7335054874420166, 7.250524520874023, 3.5158021450042725, 5.896902799606323, 7.279586553573608, 3.5515716075897217, 5.0451130867004395, 3.7616708278656006, 4.876791715621948, 3.855285882949829, 3.3402469158172607, 3.132737636566162, 2.280250310897827, 2.6261954307556152, 3.089958667755127, 4.144837141036987, 1.1880862712860107, 1.4418528079986572, 2.3674662113189697, 1.1610851287841797, 0.9200680255889893, 0.6750497817993164, 0.896245002746582, 0.5381710529327393, 0.8070743083953857, 1.2784297466278076, 0.7570610046386719, 0.818061113357544, 0.854062557220459, 0.9120669364929199, 1.1160829067230225, 1.3611009120941162, 1.3380987644195557, 1.0440771579742432, 0.6230459213256836, 0.6600484848022461, 0.7220537662506104, 1.0040717124938965, 1.3207805156707764, 1.6611223220825195, 0.7295312881469727, 0.596045970916748, 0.32403135299682617, 0.43903255462646484, 0.45904088020324707, 0.3841056823730469, 0.6595122814178467, 0.44103264808654785, 1.0242576599121094, 0.522038459777832, 1.1335985660552979, 0.43403148651123047, 0.20719528198242188, 0.3843395709991455, 0.19608759880065918, 0.2880251407623291, 0.3770279884338379]


Ganador: Blanco
Nodos expandidos por el jugador negro: 1090
Nodos expandidos por el jugador blanco: 9404
Tiempo negras:
[0.14603209495544434, 0.1960141658782959, 0.23801684379577637, 0.20501375198364258, 0.18801021575927734, 0.16701149940490723, 0.10100746154785156, 0.10100293159484863, 0.11000800132751465, 0.11300849914550781, 0.12000274658203125, 0.13000774383544922, 0.10900688171386719, 0.1330103874206543, 0.14201116561889648, 0.1200096607208252, 0.08240938186645508, 0.05100274085998535, 0.05700397491455078, 0.05300402641296387]
Tiempo blancas
[2.0697238445281982, 2.953537702560425, 2.866457939147949, 2.6269538402557373, 1.9482450485229492, 1.5297069549560547, 2.762455463409424, 1.4471015930175781, 1.7311277389526367, 1.3551006317138672, 2.0021510124206543, 3.160234212875366, 2.981221914291382, 3.8134925365448, 3.9675557613372803, 2.802206039428711, 2.4704301357269287, 1.287313461303711, 1.8652517795562744, 0.7130532264709473]


Empate
Nodos expandidos por el jugador negro: 4710
Nodos expandidos por el jugador blanco: 35165
Tiempo negras:
[0.14503240585327148, 0.20129752159118652, 0.2019970417022705, 0.20001530647277832, 0.18720436096191406, 0.1529979705810547, 0.15801000595092773, 0.08900666236877441, 0.08200430870056152, 0.0980081558227539, 0.047003984451293945, 0.04909038543701172, 0.09900522232055664, 0.13000822067260742, 0.1830136775970459, 0.1720106601715088, 0.11800909042358398, 0.10500574111938477, 0.03701186180114746, 0.035002708435058594, 0.04200315475463867, 0.048003435134887695, 0.051084041595458984, 0.05399942398071289, 0.03800797462463379, 0.031996965408325195, 0.030007362365722656, 0.07000422477722168, 0.1000070571899414, 0.07400345802307129, 0.04900360107421875, 0.07301497459411621, 0.10900712013244629, 0.08900713920593262, 0.11300849914550781, 0.10900998115539551, 0.07100534439086914, 0.14101028442382812, 0.08400630950927734, 0.1090092658996582, 0.07399463653564453, 0.10400724411010742, 0.05600452423095703, 0.11520195007324219, 0.1190040111541748, 0.14901161193847656, 0.0850062370300293, 0.07700610160827637, 0.07899975776672363, 0.16302752494812012, 0.08100652694702148, 0.07901120185852051, 0.07900619506835938, 0.06599998474121094, 0.06100344657897949, 0.07800436019897461, 0.07100415229797363, 0.05100393295288086, 0.07900643348693848, 0.0610051155090332, 0.05200386047363281, 0.08100628852844238, 0.10500812530517578, 0.14797163009643555, 0.060004472732543945, 0.12500905990600586, 0.049257516860961914, 0.09000635147094727, 0.07200908660888672, 0.08600616455078125, 0.07100725173950195, 0.10100769996643066, 0.06499981880187988, 0.12801003456115723, 0.09701824188232422, 0.12700939178466797, 0.09399247169494629, 0.17501258850097656, 0.07801103591918945, 0.10100793838500977, 0.07700610160827637, 0.1220097541809082, 0.05200338363647461, 0.10500788688659668, 0.09100770950317383, 0.13000965118408203, 0.05400514602661133]
Tiempo blancas
[2.6430156230926514, 1.9826939105987549, 3.1324756145477295, 1.865119457244873, 1.9732646942138672, 1.6842069625854492, 1.7632172107696533, 1.0652010440826416, 1.6696059703826904, 1.375331163406372, 1.2296507358551025, 0.8920769691467285, 1.9051403999328613, 2.859212875366211, 3.027627468109131, 2.593360185623169, 2.044360637664795, 0.88832688331604, 0.4450376033782959, 0.6693336963653564, 1.0922496318817139, 1.039076566696167, 0.7920572757720947, 0.6680505275726318, 1.2280967235565186, 0.8650639057159424, 0.7120530605316162, 1.1260828971862793, 2.251591444015503, 1.3123605251312256, 1.0353448390960693, 1.6909372806549072, 1.7196786403656006, 1.6001179218292236, 1.347093105316162, 1.9851412773132324, 1.934143304824829, 1.4851102828979492, 1.7211263179779053, 1.501110553741455, 1.757364273071289, 1.2271780967712402, 1.2222545146942139, 1.5054254531860352, 5.436402797698975, 1.7471299171447754, 1.5085253715515137, 1.4752724170684814, 1.27707839012146, 2.817206382751465, 1.241086483001709, 1.553114891052246, 1.2670934200286865, 1.3260974884033203, 0.9700717926025391, 1.8391358852386475, 1.1564037799835205, 1.726125717163086, 1.6231215000152588, 1.8387901782989502, 1.107081651687622, 1.5374622344970703, 1.2302501201629639, 2.9092588424682617, 2.0222291946411133, 1.1270883083343506, 1.408179759979248, 2.680367946624756, 1.6302173137664795, 2.6924121379852295, 1.976405143737793, 1.550114393234253, 1.6651229858398438, 2.4794182777404785, 3.30979585647583, 2.935861349105835, 3.007394790649414, 3.6186838150024414, 2.5071847438812256, 2.017148733139038, 2.8215491771698, 3.007220983505249, 1.5791168212890625, 2.2791683673858643, 3.9408648014068604, 2.8044896125793457, 1.9271347522735596]


Ganador: Blanco
Nodos expandidos por el jugador negro: 6062
Nodos expandidos por el jugador blanco: 46896
Tiempo negras:
[0.1580064296722412, 0.22504472732543945, 0.28800415992736816, 0.2510182857513428, 0.2040271759033203, 0.1880192756652832, 0.2200167179107666, 0.1470050811767578, 0.0940239429473877, 0.10609579086303711, 0.12800812721252441, 0.1810135841369629, 0.08600664138793945, 0.08100581169128418, 0.06500697135925293, 0.1181490421295166, 0.045004844665527344, 0.06100964546203613, 0.05400419235229492, 0.0610044002532959, 0.050004005432128906, 0.03200101852416992, 0.0740053653717041, 0.08100628852844238, 0.10296893119812012, 0.07800626754760742, 0.11200857162475586, 0.050003767013549805, 0.13300824165344238, 0.14504313468933105, 0.1590278148651123, 0.1256260871887207, 0.11900734901428223, 0.08400630950927734, 0.1290125846862793, 0.07500553131103516, 0.10600852966308594, 0.07601070404052734, 0.13600468635559082, 0.09201192855834961, 0.16206955909729004, 0.15201163291931152, 0.0480039119720459, 0.0870065689086914, 0.1500110626220703, 0.08500790596008301, 0.11900877952575684, 0.08300662040710449, 0.06200456619262695, 0.11000823974609375, 0.07600522041320801, 0.09200692176818848, 0.07900595664978027, 0.12801003456115723, 0.09100723266601562, 0.09100723266601562, 0.12700843811035156, 0.07301068305969238, 0.12698984146118164, 0.15201115608215332, 0.12800908088684082, 0.1460113525390625, 0.25601863861083984, 0.10700798034667969, 0.09215044975280762, 0.13901019096374512, 0.13200974464416504, 0.10000753402709961, 0.10902738571166992, 0.13401007652282715, 0.1090080738067627, 0.10600829124450684, 0.09000253677368164, 0.11500787734985352, 0.07400035858154297, 0.12300920486450195, 0.13801050186157227, 0.16601252555847168, 0.14701056480407715, 0.13200950622558594, 0.1581742763519287, 0.1460268497467041, 0.17701244354248047, 0.1850142478942871, 0.19601917266845703, 0.06400442123413086, 0.1330094337463379, 0.06000971794128418, 0.04400348663330078, 0.06500577926635742, 0.04900383949279785]
Tiempo blancas
[2.3801586627960205, 4.304334402084351, 4.429961681365967, 3.4085872173309326, 2.637397527694702, 2.915621280670166, 2.125230073928833, 1.413099765777588, 1.0392704010009766, 1.7633285522460938, 1.7303307056427002, 1.7102000713348389, 1.03326416015625, 0.7587623596191406, 0.8940637111663818, 0.6551382541656494, 0.34502530097961426, 0.5520370006561279, 0.6550552845001221, 0.3620281219482422, 0.4691128730773926, 0.5270562171936035, 2.0121524333953857, 1.2060935497283936, 1.3981032371520996, 1.6411211490631104, 1.3714792728424072, 0.6070454120635986, 1.4441077709197998, 2.3065683841705322, 1.6948716640472412, 2.349383592605591, 2.7395575046539307, 3.0546669960021973, 1.261493444442749, 1.2710940837860107, 1.6534206867218018, 1.5091118812561035, 1.6421949863433838, 4.57164192199707, 1.7871341705322266, 1.1210782527923584, 0.8230643272399902, 1.7981343269348145, 1.8333938121795654, 1.326174259185791, 0.8840651512145996, 0.69242262840271, 1.345099687576294, 1.484325647354126, 0.8120598793029785, 1.9067866802215576, 1.6131188869476318, 2.4458627700805664, 1.5421886444091797, 2.43662166595459, 2.3962669372558594, 2.058152198791504, 2.2231829166412354, 5.8079493045806885, 3.860285758972168, 6.119734287261963, 3.207242727279663, 2.1341392993927, 3.0033071041107178, 3.0333356857299805, 2.769601583480835, 2.244147777557373, 2.611196994781494, 4.079489231109619, 4.083665370941162, 2.662423610687256, 2.4192914962768555, 3.380422592163086, 2.4741830825805664, 2.4736111164093018, 5.507483243942261, 2.7147722244262695, 3.341465473175049, 2.150442123413086, 4.281686305999756, 3.3483951091766357, 5.2637646198272705, 5.062763929367065, 3.2402408123016357, 3.394493818283081, 2.145948886871338, 3.025547981262207, 3.101231813430786, 1.504112958908081, 1.594447135925293]


Ganador: Negro
Nodos expandidos por el jugador negro: 1503
Nodos expandidos por el jugador blanco: 10503
Tiempo negras:
[0.1450798511505127, 0.19924187660217285, 0.24016952514648438, 0.2100200653076172, 0.21102046966552734, 0.1700131893157959, 0.10200738906860352, 0.08400583267211914, 0.141005277633667, 0.11701416969299316, 0.14126968383789062, 0.12301254272460938, 0.16307473182678223, 0.09502482414245605, 0.18400859832763672, 0.14701008796691895, 0.09500741958618164, 0.11600852012634277, 0.08600640296936035, 0.08100581169128418, 0.08500123023986816, 0.11000823974609375, 0.0850062370300293, 0.09200549125671387, 0.10726809501647949, 0.15213298797607422, 0.09105777740478516, 0.03600311279296875]
Tiempo blancas
[1.839209794998169, 2.3122293949127197, 3.2645115852355957, 3.591265916824341, 2.48618745803833, 1.5894546508789062, 1.252171516418457, 1.729217290878296, 2.376424789428711, 4.368905782699585, 3.433253288269043, 2.6783297061920166, 1.8325109481811523, 2.4272568225860596, 2.655200242996216, 1.2510924339294434, 1.7621290683746338, 1.017073631286621, 1.1370906829833984, 1.1130821704864502, 1.7511346340179443, 1.4471070766448975, 1.2063910961151123, 0.8024454116821289, 1.2823753356933594, 0.6731340885162354, 0.25201988220214844]


Ganador: Blanco
Nodos expandidos por el jugador negro: 826
Nodos expandidos por el jugador blanco: 6367
Tiempo negras:
[0.14803290367126465, 0.19801712036132812, 0.2520179748535156, 0.2090158462524414, 0.14701104164123535, 0.11800885200500488, 0.11601376533508301, 0.09405922889709473, 0.08000493049621582, 0.05600404739379883, 0.09901976585388184, 0.08391022682189941, 0.1140902042388916, 0.06600522994995117, 0.06500458717346191, 0.08600568771362305, 0.021006345748901367, 0.045005083084106445, 0.02000117301940918, 0.05099987983703613, 0.021001338958740234]
Tiempo blancas
[2.1992270946502686, 2.358778715133667, 2.621199369430542, 1.9651503562927246, 1.731358289718628, 1.8062117099761963, 1.896456003189087, 1.2812213897705078, 1.0701422691345215, 1.568403959274292, 1.194716453552246, 1.9277691841125488, 1.161085844039917, 1.3531005382537842, 2.702305793762207, 1.0343737602233887, 0.7701292037963867, 0.9831905364990234, 1.108081579208374, 2.443180561065674, 0.5940439701080322]


Ganador: Blanco
Nodos expandidos por el jugador negro: 7825
Nodos expandidos por el jugador blanco: 45746
Tiempo negras:
[0.14602875709533691, 0.18399834632873535, 0.20801353454589844, 0.21301031112670898, 0.1860189437866211, 0.13900971412658691, 0.11600852012634277, 0.13100647926330566, 0.10800766944885254, 0.05900144577026367, 0.04799985885620117, 0.08700132369995117, 0.0840003490447998, 0.09901237487792969, 0.1102132797241211, 0.09100699424743652, 0.0740056037902832, 0.15213680267333984, 0.16001176834106445, 0.14209842681884766, 0.09400701522827148, 0.11200857162475586, 0.09902477264404297, 0.07700610160827637, 0.13300395011901855, 0.10701322555541992, 0.11201024055480957, 0.1360151767730713, 0.1130831241607666, 0.11101007461547852, 0.14311909675598145, 0.09000182151794434, 0.1360163688659668, 0.18901681900024414, 0.14101052284240723, 0.13600754737854004, 0.10100698471069336, 0.16301250457763672, 0.14201068878173828, 0.10800838470458984, 0.10200810432434082, 0.14900612831115723, 0.11800408363342285, 0.137009859085083, 0.08800649642944336, 0.0870060920715332, 0.08800697326660156, 0.08099746704101562, 0.08901166915893555, 0.12300968170166016, 0.1090078353881836, 0.08900666236877441, 0.10500836372375488, 0.1000070571899414, 0.10100769996643066, 0.10300803184509277, 0.09800267219543457, 0.1000070571899414, 0.1019735336303711, 0.10000991821289062, 0.1610114574432373, 0.15997719764709473, 0.14901113510131836, 0.13801050186157227, 0.1240086555480957, 0.13800978660583496, 0.13601040840148926, 0.0740056037902832, 0.07197022438049316, 0.06300473213195801, 0.07300472259521484, 0.05199933052062988, 0.06800556182861328, 0.06800508499145508, 0.08300590515136719, 0.10700726509094238, 0.07900619506835938, 0.06707191467285156, 0.06803441047668457, 0.05400395393371582, 0.020949602127075195, 0.04400825500488281, 0.02200150489807129, 0.04400372505187988, 0.021001100540161133, 0.03400707244873047, 0.020001649856567383, 0.025996685028076172, 0.02200770378112793, 0.03200221061706543, 0.01700139045715332, 0.023997068405151367, 0.029898405075073242, 0.017001628875732422, 0.017999649047851562, 0.0160064697265625, 0.031002283096313477, 0.07600522041320801, 0.030002117156982422, 0.04000282287597656, 0.030002355575561523, 0.04001259803771973, 0.0300142765045166, 0.029001951217651367, 0.030002832412719727, 0.02900242805480957, 0.029001951217651367, 0.028001070022583008, 0.02900218963623047, 0.030002117156982422, 0.029997587203979492, 0.011005640029907227, 0.010000467300415039, 0.012000560760498047, 0.010000944137573242, 0.007002115249633789, 0.006999969482421875, 0.012996673583984375, 0.006997346878051758, 0.012000799179077148, 0.007000446319580078, 0.012000799179077148, 0.007005453109741211, 0.013000965118408203, 0.010000228881835938, 0.007000446319580078, 0.006995439529418945, 0.00600433349609375, 0.0070002079010009766, 0.011000394821166992, 0.0050008296966552734, 0.012000799179077148, 0.007000446319580078, 0.012000799179077148, 0.003995180130004883, 0.010995864868164062, 0.006995677947998047, 0.011005878448486328, 0.007000446319580078, 0.011000633239746094, 0.006999969482421875, 0.010988950729370117, 0.0050051212310791016, 0.005042552947998047, 0.018001556396484375, 0.0030145645141601562, 0.010000944137573242, 0.008960485458374023, 0.01400613784790039, 0.00999593734741211, 0.007999897003173828, 0.008968353271484375, 0.013000726699829102, 0.006995677947998047, 0.01100015640258789, 0.010000944137573242, 0.008000850677490234, 0.007000446319580078]
Tiempo blancas
[1.7581303119659424, 2.4643499851226807, 2.7432050704956055, 2.916212797164917, 2.3156168460845947, 1.7622103691101074, 2.4781835079193115, 0.9710721969604492, 0.8860652446746826, 0.6360514163970947, 1.5411138534545898, 1.0860826969146729, 0.8330621719360352, 1.8941216468811035, 1.7702102661132812, 0.6410470008850098, 2.023353338241577, 3.0102570056915283, 2.128156900405884, 1.7121210098266602, 2.1941614151000977, 1.5261127948760986, 1.7551310062408447, 1.5951182842254639, 1.5141077041625977, 1.6988441944122314, 1.6171274185180664, 1.167238473892212, 1.231339693069458, 2.8334219455718994, 1.206557273864746, 2.5389089584350586, 2.653662919998169, 2.409571886062622, 2.502258777618408, 1.896238088607788, 2.2472457885742188, 2.608192205429077, 2.211163282394409, 1.2336087226867676, 4.616725444793701, 1.7391281127929688, 1.35709547996521, 0.975071907043457, 0.8637697696685791, 0.8703722953796387, 0.8403005599975586, 1.0830841064453125, 1.5261180400848389, 1.1471643447875977, 1.3701014518737793, 0.8750698566436768, 1.5433709621429443, 1.1721644401550293, 1.5011110305786133, 1.5641205310821533, 1.230215072631836, 1.9792301654815674, 2.1465070247650146, 2.5922799110412598, 2.647191286087036, 2.5113537311553955, 8.586873292922974, 1.403219223022461, 1.4411845207214355, 1.1680855751037598, 1.6111195087432861, 1.0900850296020508, 1.0332040786743164, 0.9860727787017822, 0.9712004661560059, 0.9202938079833984, 1.0570731163024902, 0.7907328605651855, 1.347327470779419, 2.178220510482788, 1.6932358741760254, 1.2331719398498535, 0.777057409286499, 0.5180330276489258, 0.40402984619140625, 0.5960438251495361, 0.5720422267913818, 0.6279590129852295, 0.33397936820983887, 0.41002464294433594, 0.30101680755615234, 0.33202219009399414, 0.3010232448577881, 0.3400263786315918, 0.3460409641265869, 0.33602428436279297, 0.3510258197784424, 0.17499542236328125, 0.2900209426879883, 0.3250243663787842, 0.6271352767944336, 0.5620417594909668, 0.41911959648132324, 0.2790188789367676, 0.4792745113372803, 0.276019811630249, 0.28402066230773926, 0.5321173667907715, 0.528038501739502, 0.3990294933319092, 0.4030294418334961, 0.4590334892272949, 0.43602800369262695, 0.3770275115966797, 0.17801237106323242, 0.10602521896362305, 0.09402346611022949, 0.1090245246887207, 0.08102607727050781, 0.05800461769104004, 0.06501984596252441, 0.1110084056854248, 0.06501960754394531, 0.11602401733398438, 0.06602120399475098, 0.11302328109741211, 0.06501960754394531, 0.11302518844604492, 0.0839996337890625, 0.05300760269165039, 0.06001996994018555, 0.05100369453430176, 0.061020851135253906, 0.10800361633300781, 0.10527348518371582, 0.09702563285827637, 0.061019182205200195, 0.10602378845214844, 0.10502481460571289, 0.09702444076538086, 0.05902099609375, 0.0980222225189209, 0.06001925468444824, 0.09902262687683105, 0.0610196590423584, 0.10502791404724121, 0.09602189064025879, 0.11702513694763184, 0.0850069522857666, 0.0530245304107666, 0.08902144432067871, 0.08327698707580566, 0.07700562477111816, 0.07902359962463379, 0.040018320083618164, 0.08202099800109863, 0.08100581169128418, 0.053217411041259766, 0.09202909469604492, 0.08402132987976074, 0.04709577560424805, 0.014015913009643555]


