negras: minimax(4)
blancas: poda(2)

las negras:
ganaron: 9
empataron: 0
perdieron: 1
total juegos: 10

Ganador: Negro
Nodos expandidos por el jugador negro: 118203
Nodos expandidos por el jugador blanco: 993
Tiempo negras:
[8.890460014343262, 15.342179536819458, 17.108434438705444, 17.43223285675049, 8.494004011154175, 10.181032419204712, 12.059064149856567, 19.14615511894226, 11.139769077301025, 12.568501472473145, 12.921863317489624, 10.031850576400757, 6.831516981124878, 6.476820468902588, 4.361696004867554, 2.5276379585266113, 2.0462186336517334, 4.317303419113159, 9.164880514144897, 7.8655195236206055, 5.370692014694214, 5.569482088088989, 5.359389543533325, 3.980707883834839, 6.62158727645874, 5.459495306015015, 9.121960401535034, 5.476003408432007, 10.09239387512207, 5.849741458892822, 0.7640347480773926, 0.8702242374420166]
Tiempo blancas
[0.18400311470031738, 0.24102354049682617, 0.21902728080749512, 0.20612525939941406, 0.14400625228881836, 0.12800860404968262, 0.20807385444641113, 0.2030181884765625, 0.160003662109375, 0.20316410064697266, 0.1430063247680664, 0.12000894546508789, 0.13599848747253418, 0.13800978660583496, 0.1531357765197754, 0.1071782112121582, 0.11400818824768066, 0.18720245361328125, 0.12300872802734375, 0.11101675033569336, 0.09399700164794922, 0.11700820922851562, 0.22501778602600098, 0.1520237922668457, 0.08307886123657227, 0.08600568771362305, 0.11901307106018066, 0.0850062370300293, 0.10601544380187988, 0.019003629684448242, 0.018006086349487305]


Ganador: Negro
Nodos expandidos por el jugador negro: 93496
Nodos expandidos por el jugador blanco: 780
Tiempo negras:
[8.704951763153076, 12.75568175315857, 20.835911512374878, 11.729678392410278, 8.539636611938477, 7.951155662536621, 8.480345010757446, 9.247815132141113, 11.993135690689087, 13.91507887840271, 10.955524682998657, 9.551137208938599, 12.3151695728302, 12.269397974014282, 10.533767700195312, 8.538187742233276, 5.607138395309448, 9.936808109283447, 8.264028072357178, 4.89997935295105, 1.8601324558258057, 1.7211179733276367, 0.9870729446411133, 0.21901631355285645]
Tiempo blancas
[0.19001412391662598, 0.211012601852417, 0.23401331901550293, 0.15999460220336914, 0.13401246070861816, 0.13301467895507812, 0.16901254653930664, 0.13000965118408203, 0.19608759880065918, 0.20403003692626953, 0.15902256965637207, 0.16019964218139648, 0.12300848960876465, 0.18701386451721191, 0.1240079402923584, 0.12300872802734375, 0.10807538032531738, 0.10500478744506836, 0.09400653839111328, 0.0660097599029541, 0.053009033203125, 0.027001380920410156, 0.02700209617614746]


Ganador: Negro
Nodos expandidos por el jugador negro: 52214
Nodos expandidos por el jugador blanco: 384
Tiempo negras:
[8.535728931427002, 11.734825372695923, 13.007268905639648, 10.060243844985962, 8.375252962112427, 7.487220525741577, 5.669820547103882, 3.999640703201294, 2.0845141410827637, 4.7684290409088135, 3.5723495483398438, 6.671493291854858, 7.368865489959717, 9.858312129974365, 8.55674409866333, 5.254715204238892, 2.6012699604034424, 0.943584680557251, 1.0551650524139404, 0.09000682830810547, 1.289081335067749, 0.9982478618621826]
Tiempo blancas
[0.1610121726989746, 0.2070143222808838, 0.14401030540466309, 0.17703866958618164, 0.1570131778717041, 0.16501307487487793, 0.10000753402709961, 0.07500553131103516, 0.06900358200073242, 0.10300803184509277, 0.06700515747070312, 0.1110081672668457, 0.12100934982299805, 0.18401408195495605, 0.1110086441040039, 0.07700347900390625, 0.04309248924255371, 0.03500199317932129, 0.0070002079010009766, 0.016001224517822266, 0.017000436782836914]


Ganador: Blanco
Nodos expandidos por el jugador negro: 617982
Nodos expandidos por el jugador blanco: 4436
Tiempo negras:
[8.593462705612183, 11.679383516311646, 15.062466144561768, 23.874722242355347, 19.34626579284668, 13.52731728553772, 6.56383490562439, 14.737072706222534, 6.619908571243286, 5.846428394317627, 8.851445198059082, 5.79042911529541, 5.034613609313965, 1.2090890407562256, 1.532724380493164, 3.2515032291412354, 2.004248857498169, 2.0432381629943848, 0.8620686531066895, 2.6181936264038086, 3.995296001434326, 5.238566875457764, 2.7142012119293213, 5.186854124069214, 7.1351776123046875, 7.252969980239868, 8.795058727264404, 11.386940479278564, 4.982659101486206, 5.5485265254974365, 6.900444984436035, 11.812070608139038, 8.823347806930542, 14.22238564491272, 8.936622619628906, 8.411545991897583, 6.043466567993164, 7.10878586769104, 10.691792249679565, 6.3177244663238525, 7.067175626754761, 5.308591604232788, 3.9615957736968994, 4.26081395149231, 3.972294330596924, 2.4301798343658447, 2.702200174331665, 2.0273518562316895, 4.955615758895874, 3.806370496749878, 3.8738372325897217, 2.9314074516296387, 3.5966439247131348, 4.166451454162598, 7.010902404785156, 5.665910243988037, 7.925669193267822, 6.918554067611694, 11.066819906234741, 8.246187448501587, 11.060555696487427, 7.551555871963501, 7.297803640365601, 7.100679636001587, 4.634601831436157, 2.29316782951355, 6.436532258987427, 6.09012770652771, 4.383403778076172, 3.0278706550598145, 3.8194210529327393, 4.844784498214722, 5.001086711883545, 3.9792914390563965, 4.5585572719573975, 6.144991636276245, 6.6004860401153564, 6.370959997177124, 12.352779150009155, 7.752910375595093, 5.211589574813843, 4.386325120925903, 2.7332024574279785, 7.064880132675171, 5.381398916244507, 10.041157722473145, 21.108389139175415, 6.61447286605835, 11.858283758163452, 11.968024492263794, 18.145692110061646, 9.449895143508911, 8.580561876296997, 6.22546124458313, 8.460979700088501, 7.5628273487091064, 9.707770824432373, 14.305707454681396, 14.035494804382324, 7.0070555210113525, 12.150197267532349, 12.355310678482056, 14.175464630126953, 12.450054407119751, 13.016961097717285, 8.550864219665527, 4.449410676956177, 2.666196823120117, 2.649702548980713, 2.74967885017395, 4.532491683959961, 4.9249396324157715, 4.151707649230957, 3.0004680156707764, 3.884498357772827, 4.188070297241211, 5.9614417552948, 3.688166379928589, 3.437652111053467, 3.1584694385528564, 3.457343578338623, 3.661595582962036, 3.929290771484375, 3.9682888984680176, 2.8082075119018555, 3.091233968734741, 2.7982070446014404, 3.170994758605957, 2.7287373542785645, 2.239354133605957, 3.7732794284820557, 3.3009085655212402, 3.229508876800537, 2.52018666267395, 2.781452178955078, 1.5301127433776855, 3.311633825302124, 2.2740731239318848, 3.2232391834259033, 1.7482037544250488, 1.6260261535644531]
Tiempo blancas
[0.16300749778747559, 0.15001630783081055, 0.24801969528198242, 0.29500508308410645, 0.198014497756958, 0.1460103988647461, 0.19101381301879883, 0.21501588821411133, 0.1480112075805664, 0.08900666236877441, 0.11001372337341309, 0.1570110321044922, 0.10400748252868652, 0.05999875068664551, 0.06900501251220703, 0.09700703620910645, 0.06900405883789062, 0.05100393295288086, 0.0370025634765625, 0.11800909042358398, 0.17401337623596191, 0.11701345443725586, 0.08501148223876953, 0.12400984764099121, 0.139007568359375, 0.15107941627502441, 0.14201068878173828, 0.12300944328308105, 0.10200786590576172, 0.1430060863494873, 0.14600872993469238, 0.14001035690307617, 0.1590116024017334, 0.1861109733581543, 0.10000276565551758, 0.14501118659973145, 0.1220095157623291, 0.14101052284240723, 0.13401031494140625, 0.13001012802124023, 0.0960073471069336, 0.10000753402709961, 0.06600522994995117, 0.11500382423400879, 0.06700015068054199, 0.07694149017333984, 0.07100510597229004, 0.07000565528869629, 0.09801268577575684, 0.09000635147094727, 0.08300161361694336, 0.07400774955749512, 0.0820014476776123, 0.09600615501403809, 0.12100839614868164, 0.10800862312316895, 0.14400959014892578, 0.16501307487487793, 0.1240081787109375, 0.194014310836792, 0.16301250457763672, 0.1200103759765625, 0.12800979614257812, 0.11900448799133301, 0.06300520896911621, 0.11500883102416992, 0.10800838470458984, 0.13200926780700684, 0.06600522994995117, 0.09000515937805176, 0.05698037147521973, 0.12000870704650879, 0.07100582122802734, 0.1039888858795166, 0.08100652694702148, 0.11500740051269531, 0.17601299285888672, 0.09100723266601562, 0.10400795936584473, 0.1440131664276123, 0.07500600814819336, 0.11300873756408691, 0.11200833320617676, 0.1130213737487793, 0.1070096492767334, 0.21201539039611816, 0.12700867652893066, 0.1680126190185547, 0.14901113510131836, 0.14501023292541504, 0.1530168056488037, 0.13801026344299316, 0.13400912284851074, 0.13801050186157227, 0.12100911140441895, 0.10698819160461426, 0.09900784492492676, 0.17500782012939453, 0.10600972175598145, 0.1440110206604004, 0.12200427055358887, 0.14901137351989746, 0.1670701503753662, 0.14500975608825684, 0.20301413536071777, 0.09700727462768555, 0.0740056037902832, 0.06400465965270996, 0.05300402641296387, 0.06300020217895508, 0.07300496101379395, 0.10100269317626953, 0.06000494956970215, 0.07101011276245117, 0.09914803504943848, 0.10300803184509277, 0.07400941848754883, 0.07900595664978027, 0.07500076293945312, 0.0870060920715332, 0.07600069046020508, 0.07900571823120117, 0.07000541687011719, 0.08200621604919434, 0.05600452423095703, 0.06800532341003418, 0.06400394439697266, 0.06900548934936523, 0.05600428581237793, 0.05600404739379883, 0.08298611640930176, 0.07000541687011719, 0.05800271034240723, 0.05400395393371582, 0.05200386047363281, 0.040997982025146484, 0.06400036811828613, 0.052008867263793945, 0.1052706241607666, 0.048003435134887695, 0.05300426483154297]


Ganador: Negro
Nodos expandidos por el jugador negro: 79750
Nodos expandidos por el jugador blanco: 752
Tiempo negras:
[8.55697250366211, 11.77110481262207, 19.098767518997192, 23.549283504486084, 12.551538705825806, 12.16793942451477, 5.105640649795532, 2.8774075508117676, 1.936142921447754, 1.056150197982788, 0.6660494804382324, 2.50286602973938, 1.662363052368164, 0.9841630458831787, 0.3600430488586426, 2.8692126274108887, 4.6935505867004395, 3.0143985748291016, 5.16838264465332, 5.910523414611816, 5.244471311569214, 7.773817777633667, 4.118249416351318, 4.15247654914856, 4.223491907119751, 4.371888875961304, 1.54811429977417, 1.4360709190368652, 1.5971181392669678, 3.363253593444824, 4.001296043395996, 2.9883100986480713, 2.6342804431915283, 1.3212807178497314]
Tiempo blancas
[0.16401290893554688, 0.22699522972106934, 0.27602553367614746, 0.23901581764221191, 0.1630115509033203, 0.15201067924499512, 0.10800814628601074, 0.08600592613220215, 0.06200408935546875, 0.03200221061706543, 0.061004638671875, 0.07400059700012207, 0.0390169620513916, 0.013001203536987305, 0.04699826240539551, 0.09000682830810547, 0.08600592613220215, 0.12300944328308105, 0.09625697135925293, 0.11400914192199707, 0.12100934982299805, 0.10700130462646484, 0.05500435829162598, 0.059073448181152344, 0.08414530754089355, 0.025002002716064453, 0.04100322723388672, 0.038002967834472656, 0.04199814796447754, 0.08500552177429199, 0.06900548934936523, 0.07000517845153809, 0.07000517845153809]


Ganador: Negro
Nodos expandidos por el jugador negro: 50989
Nodos expandidos por el jugador blanco: 361
Tiempo negras:
[8.665699243545532, 12.838070631027222, 17.11255168914795, 23.193859577178955, 14.012307167053223, 13.036489963531494, 11.428820133209229, 7.757706165313721, 5.328785181045532, 4.599747657775879, 2.6705822944641113, 0.9680664539337158, 0.9460699558258057, 0.21201491355895996, 0.13205671310424805, 0.5440628528594971, 0.8430619239807129, 0.6860511302947998, 1.3811016082763672, 0.31003904342651367, 0.6380467414855957]
Tiempo blancas
[0.24201655387878418, 0.19802165031433105, 0.20801544189453125, 0.2790205478668213, 0.19401335716247559, 0.15401220321655273, 0.1800093650817871, 0.13401055335998535, 0.11800909042358398, 0.10798406600952148, 0.06600499153137207, 0.03400301933288574, 0.05800461769104004, 0.026001930236816406, 0.013000965118408203, 0.028001785278320312, 0.015001058578491211, 0.05099964141845703, 0.012000560760498047, 0.013999462127685547]


Ganador: Negro
Nodos expandidos por el jugador negro: 111485
Nodos expandidos por el jugador blanco: 1159
Tiempo negras:
[8.649526357650757, 11.604586124420166, 18.260926723480225, 13.083714485168457, 6.517056941986084, 7.070700645446777, 7.183771848678589, 5.150706052780151, 5.132711887359619, 4.919446706771851, 3.1264798641204834, 1.782423734664917, 1.638115644454956, 3.616323471069336, 3.547761917114258, 6.202927112579346, 6.026446342468262, 6.810504674911499, 6.319468259811401, 5.919084548950195, 5.376403331756592, 3.7951974868774414, 3.2672412395477295, 4.224603652954102, 4.285836935043335, 3.511258602142334, 5.143890857696533, 4.265313625335693, 1.9904115200042725, 6.115919828414917, 3.7254836559295654, 2.1684041023254395, 4.141811847686768, 3.3892509937286377, 4.603344917297363, 5.772432088851929, 1.5221123695373535, 1.8031151294708252, 0.7122042179107666, 0.6251373291015625, 0.6690537929534912, 0.9480695724487305, 1.469106674194336, 0.7840597629547119, 1.213089942932129, 0.7220532894134521, 1.2410881519317627, 0.7230532169342041, 0.7510693073272705, 0.3020186424255371, 0.9650712013244629, 0.5490350723266602, 0.37102723121643066, 0.5380396842956543, 0.6370589733123779, 0.1570115089416504, 0.21103167533874512, 0.17401432991027832, 0.5300347805023193, 0.30002593994140625, 0.5400400161743164]
Tiempo blancas
[0.16401267051696777, 0.19901442527770996, 0.23902058601379395, 0.1610121726989746, 0.15301823616027832, 0.14200925827026367, 0.1320042610168457, 0.13215947151184082, 0.07927417755126953, 0.13300514221191406, 0.07900595664978027, 0.04500412940979004, 0.08000588417053223, 0.10600757598876953, 0.10900521278381348, 0.11600899696350098, 0.0980072021484375, 0.09301233291625977, 0.08800697326660156, 0.08599996566772461, 0.08900666236877441, 0.06399989128112793, 0.06502342224121094, 0.08500170707702637, 0.07600688934326172, 0.05800342559814453, 0.11200857162475586, 0.03899788856506348, 0.06699872016906738, 0.10300779342651367, 0.10700774192810059, 0.0630042552947998, 0.06407904624938965, 0.08301162719726562, 0.08300662040710449, 0.0720057487487793, 0.04400300979614258, 0.01000213623046875, 0.04400300979614258, 0.018001317977905273, 0.057009220123291016, 0.02900552749633789, 0.04600381851196289, 0.026001930236816406, 0.04700207710266113, 0.025983333587646484, 0.0480036735534668, 0.016996145248413086, 0.02799677848815918, 0.022001266479492188, 0.04699873924255371, 0.01700115203857422, 0.02199864387512207, 0.02000141143798828, 0.028003454208374023, 0.013000726699829102, 0.030006885528564453, 0.015001058578491211, 0.041001319885253906, 0.023001670837402344]


Ganador: Negro
Nodos expandidos por el jugador negro: 37613
Nodos expandidos por el jugador blanco: 442
Tiempo negras:
[8.53527569770813, 11.587051630020142, 11.427829027175903, 6.598653793334961, 9.105674743652344, 10.735075235366821, 4.778353929519653, 6.461693286895752, 3.3264682292938232, 1.162261962890625, 1.053255558013916, 1.425422191619873, 3.488062858581543, 4.291390657424927, 2.6421899795532227, 2.169398307800293, 2.37017560005188, 0.8360617160797119, 0.4860408306121826, 1.8003969192504883]
Tiempo blancas
[0.15695905685424805, 0.21901583671569824, 0.12500882148742676, 0.13601016998291016, 0.19001412391662598, 0.12900948524475098, 0.1689469814300537, 0.09400749206542969, 0.1090083122253418, 0.04000234603881836, 0.021001338958740234, 0.05400443077087402, 0.04900407791137695, 0.08300209045410156, 0.059003353118896484, 0.07100558280944824, 0.06000971794128418, 0.04700326919555664, 0.02900218963623047]


Ganador: Negro
Nodos expandidos por el jugador negro: 58993
Nodos expandidos por el jugador blanco: 580
Tiempo negras:
[8.505726337432861, 12.898977041244507, 26.97158718109131, 14.007978916168213, 13.797812223434448, 10.355235576629639, 4.5381245613098145, 4.6593921184539795, 3.1638715267181396, 3.6493377685546875, 3.5142662525177, 2.4016621112823486, 1.5912961959838867, 1.4731087684631348, 1.299095869064331, 0.7460601329803467, 2.841379165649414, 2.6555533409118652, 3.5215041637420654, 6.315841436386108, 5.450383424758911, 1.7401278018951416, 3.967994213104248, 2.4511795043945312, 3.360136032104492, 2.1575753688812256, 0.9413409233093262, 2.9256134033203125]
Tiempo blancas
[0.16301202774047852, 0.17701315879821777, 0.21201515197753906, 0.18500828742980957, 0.2180156707763672, 0.13701081275939941, 0.08300614356994629, 0.06909298896789551, 0.10300302505493164, 0.10400891304016113, 0.09100723266601562, 0.06100606918334961, 0.07700562477111816, 0.05700421333312988, 0.015999794006347656, 0.04497098922729492, 0.06700491905212402, 0.07609438896179199, 0.05501365661621094, 0.10200715065002441, 0.08300614356994629, 0.028002023696899414, 0.07600116729736328, 0.05008649826049805, 0.05098533630371094, 0.023001670837402344, 0.02700185775756836]


Ganador: Negro
Nodos expandidos por el jugador negro: 131722
Nodos expandidos por el jugador blanco: 984
Tiempo negras:
[8.518668174743652, 12.193552494049072, 16.456721544265747, 12.347081422805786, 8.046489238739014, 6.4573774337768555, 12.525840759277344, 21.84020733833313, 28.254851579666138, 21.733070611953735, 11.839301824569702, 6.570776700973511, 7.043522119522095, 14.361293315887451, 11.408969402313232, 9.157802104949951, 4.2985148429870605, 6.081432104110718, 8.07671070098877, 13.96872854232788, 17.910149574279785, 7.6482155323028564, 6.4170615673065186, 2.6055543422698975, 0.9140725135803223]
Tiempo blancas
[0.16201162338256836, 0.18901371955871582, 0.21300983428955078, 0.17009210586547852, 0.14501094818115234, 0.16001224517822266, 0.25002050399780273, 0.2680823802947998, 0.26201963424682617, 0.206010103225708, 0.14301204681396484, 0.1480109691619873, 0.14001035690307617, 0.21301555633544922, 0.18601703643798828, 0.11500835418701172, 0.13349628448486328, 0.09400677680969238, 0.12700915336608887, 0.17999553680419922, 0.13200759887695312, 0.1350102424621582, 0.09415626525878906, 0.04500389099121094]






