negras: minimax(3)
blancas: poda(3)

las negras:
ganaron: 4
empataron: 0
perdieron: 6
total juegos: 10

Ganador: Blanco
Nodos expandidos por el jugador negro: 22096
Nodos expandidos por el jugador blanco: 21028
Tiempo negras:
[1.206101417541504, 1.4654719829559326, 1.8321478366851807, 1.3520996570587158, 1.1752653121948242, 1.4643347263336182, 0.98415207862854, 0.5790486335754395, 0.5610449314117432, 0.7460551261901855, 0.6330509185791016, 0.9490697383880615, 1.7443616390228271, 2.2521629333496094, 1.3170974254608154, 0.8272950649261475, 0.8413007259368896, 0.5200259685516357, 0.4400365352630615, 0.4130265712738037, 0.23401737213134766, 0.35203003883361816, 0.22700977325439453, 0.31702375411987305, 0.5070314407348633, 0.35929059982299805, 0.2940216064453125, 0.4070260524749756, 0.2940218448638916, 0.25801515579223633, 0.44403672218322754, 0.5310356616973877, 0.4750351905822754, 0.36809539794921875, 0.4450414180755615, 0.6780505180358887, 0.6690492630004883, 0.5812723636627197, 0.6030442714691162, 0.5080373287200928, 0.5230348110198975, 0.4680345058441162, 0.48403215408325195, 0.4790351390838623, 0.301257848739624, 0.23709893226623535, 0.2440180778503418, 0.2090146541595459, 0.09999442100524902, 0.1050117015838623, 0.03500008583068848, 0.17001843452453613, 0.09499979019165039, 0.07900547981262207, 0.11100053787231445, 0.04214119911193848, 0.1090078353881836, 0.07600569725036621, 0.17801308631896973, 0.1480104923248291, 0.13001346588134766, 0.1289980411529541, 0.10100746154785156, 0.0739889144897461, 0.07101154327392578, 0.06601142883300781, 0.0710153579711914, 0.06400465965270996, 0.09500694274902344, 0.10200285911560059, 0.08700990676879883, 0.20401501655578613, 0.18901896476745605, 0.1590118408203125, 0.18700861930847168, 0.15601491928100586, 0.18802547454833984, 0.16000747680664062, 0.18701410293579102, 0.16899538040161133, 0.19909167289733887, 0.10400724411010742, 0.14701581001281738, 0.07900571823120117, 0.12800931930541992, 0.12600040435791016, 0.08200383186340332, 0.23302602767944336, 0.058013916015625]
Tiempo blancas
[0.4840564727783203, 0.6183912754058838, 0.5520370006561279, 0.5070226192474365, 0.41126084327697754, 0.5531549453735352, 0.6160414218902588, 0.36002492904663086, 0.3890364170074463, 0.4530329704284668, 0.6210455894470215, 1.210085391998291, 1.2941043376922607, 0.9492855072021484, 0.8800649642944336, 0.6532857418060303, 0.43203210830688477, 0.4720475673675537, 0.6680583953857422, 0.33202481269836426, 0.3350248336791992, 0.37219810485839844, 0.5961980819702148, 0.4380323886871338, 0.4360320568084717, 0.4770355224609375, 0.6550607681274414, 0.5630457401275635, 0.4760398864746094, 0.45903778076171875, 0.6520481109619141, 0.6580524444580078, 0.5820431709289551, 0.8340640068054199, 0.9443089962005615, 1.2630937099456787, 1.140275478363037, 1.0620782375335693, 0.8200607299804688, 0.7460553646087646, 0.8250610828399658, 0.7132308483123779, 0.5580415725708008, 0.6609883308410645, 0.44106173515319824, 0.2962679862976074, 0.31502652168273926, 0.25518369674682617, 0.17923855781555176, 0.17002367973327637, 0.15201115608215332, 0.2210245132446289, 0.27599525451660156, 0.1350100040435791, 0.23700356483459473, 0.16201210021972656, 0.23801708221435547, 0.13801002502441406, 0.21601605415344238, 0.20209598541259766, 0.17000412940979004, 0.16300320625305176, 0.08800673484802246, 0.11699938774108887, 0.1320040225982666, 0.09600329399108887, 0.12300300598144531, 0.10200309753417969, 0.1790168285369873, 0.20190191268920898, 0.2070152759552002, 0.31702733039855957, 0.3010218143463135, 0.2870173454284668, 0.3599376678466797, 0.2770195007324219, 0.36401987075805664, 0.3010263442993164, 0.31301426887512207, 0.26914238929748535, 0.27101993560791016, 0.2921578884124756, 0.32102394104003906, 0.19701075553894043, 0.2770202159881592, 0.34502577781677246, 0.3590199947357178, 0.2790639400482178, 0.2630150318145752]


Ganador: Blanco
Nodos expandidos por el jugador negro: 22706
Nodos expandidos por el jugador blanco: 11557
Tiempo negras:
[1.1491799354553223, 1.447338581085205, 2.059152364730835, 1.1860876083374023, 1.1310784816741943, 1.6143836975097656, 1.9751369953155518, 1.6658942699432373, 1.6831934452056885, 1.5360949039459229, 1.445103406906128, 1.1050796508789062, 1.2431745529174805, 1.2650940418243408, 1.300100326538086, 1.048570156097412, 0.8830561637878418, 1.0740797519683838, 1.3584938049316406, 0.974071741104126, 1.0125019550323486, 1.0590784549713135, 0.5440521240234375, 0.1992344856262207, 0.20201873779296875, 0.11202096939086914, 0.1759965419769287, 0.1410810947418213, 0.3230276107788086, 0.2420215606689453, 0.3610398769378662, 0.4220280647277832, 0.38602280616760254, 0.141021728515625, 0.14701008796691895, 0.14200687408447266, 0.17694807052612305, 0.17000842094421387, 0.16000771522521973, 0.2150106430053711, 0.2400200366973877, 0.5312695503234863, 0.3850283622741699, 0.3650383949279785, 0.18401026725769043, 0.38702869415283203, 0.3460257053375244, 0.4270319938659668, 0.2090156078338623, 0.2050037384033203, 0.20801591873168945, 0.2050151824951172, 0.20801520347595215, 0.20401477813720703, 0.25201845169067383, 0.11001229286193848, 0.2820169925689697, 0.11200809478759766, 0.21201539039611816, 0.12219691276550293, 0.026001930236816406]
Tiempo blancas
[0.48818325996398926, 0.5760421752929688, 0.7280449867248535, 0.850045919418335, 1.1020846366882324, 0.9435195922851562, 0.8943307399749756, 1.2020888328552246, 1.3965599536895752, 1.0190792083740234, 0.8130569458007812, 0.7782528400421143, 0.6202778816223145, 0.8070597648620605, 0.6220555305480957, 0.45602965354919434, 0.34102511405944824, 0.7440550327301025, 0.7530558109283447, 0.6080408096313477, 0.8920621871948242, 0.6380469799041748, 0.22301268577575684, 0.1480112075805664, 0.21601581573486328, 0.12802982330322266, 0.1651477813720703, 0.1952528953552246, 0.3310246467590332, 0.24699616432189941, 0.3390209674835205, 0.41307568550109863, 0.27301478385925293, 0.20901226997375488, 0.20401453971862793, 0.19301414489746094, 0.2800295352935791, 0.21601581573486328, 0.27802085876464844, 0.3160233497619629, 0.37003087997436523, 0.31302309036254883, 0.27802395820617676, 0.17300891876220703, 0.3250241279602051, 0.26102328300476074, 0.6340470314025879, 0.17002463340759277, 0.11700820922851562, 0.1460106372833252, 0.23101329803466797, 0.1460108757019043, 0.17200231552124023, 0.17301297187805176, 0.1520073413848877, 0.18001699447631836, 0.16301846504211426, 0.20502448081970215, 0.12001824378967285, 0.26701998710632324, 0.07200956344604492]


Ganador: Negro
Nodos expandidos por el jugador negro: 9682
Nodos expandidos por el jugador blanco: 1987
Tiempo negras:
[1.1010792255401611, 1.2350904941558838, 1.3560962677001953, 0.815065860748291, 1.3414051532745361, 0.7580564022064209, 0.6393792629241943, 0.4910902976989746, 0.9960854053497314, 1.456799030303955, 1.4151010513305664, 1.0651304721832275, 1.1664531230926514, 0.3393740653991699, 0.4800393581390381, 0.9413807392120361, 0.5794003009796143, 0.9196114540100098, 1.310103178024292, 1.374100923538208, 1.2111012935638428, 0.7020411491394043]
Tiempo blancas
[0.49828147888183594, 0.577045202255249, 0.5270426273345947, 0.5570359230041504, 0.46110987663269043, 0.34302496910095215, 0.32502007484436035, 0.5060276985168457, 0.3170144557952881, 0.3880321979522705, 0.553034782409668, 0.4760568141937256, 0.5990288257598877, 0.25910258293151855, 0.23001718521118164, 0.17202043533325195, 0.20010614395141602, 0.3810405731201172, 0.3030884265899658, 0.20501422882080078, 0.11299633979797363]


Ganador: Blanco
Nodos expandidos por el jugador negro: 23321
Nodos expandidos por el jugador blanco: 16388
Tiempo negras:
[1.1200947761535645, 1.3741087913513184, 1.4822430610656738, 1.2223403453826904, 1.891343355178833, 2.322172164916992, 2.304558038711548, 2.1793551445007324, 1.8871400356292725, 2.6359918117523193, 2.1731669902801514, 1.1560895442962646, 1.4951913356781006, 1.6516575813293457, 1.9202992916107178, 1.346449613571167, 0.730055570602417, 0.7460815906524658, 0.728125810623169, 0.692049503326416, 0.2520132064819336, 0.2970235347747803, 0.14601635932922363, 0.08200621604919434, 0.07101011276245117, 0.12100839614868164, 0.17701387405395508, 0.1440114974975586, 0.14200925827026367, 0.12900948524475098, 0.16701745986938477, 0.15801143646240234, 0.13400983810424805, 0.1440105438232422, 0.06399941444396973, 0.21303176879882812, 0.16701245307922363, 0.13100957870483398, 0.16301369667053223, 0.14101028442382812, 0.30602240562438965, 0.24722743034362793, 0.29102134704589844, 0.2530186176300049, 0.3921318054199219, 0.46002840995788574, 0.7000339031219482, 0.8180787563323975, 0.9740724563598633, 0.341019868850708, 0.6370470523834229, 0.3550262451171875, 0.5081539154052734, 0.8650810718536377, 0.2580094337463379, 0.13900995254516602, 0.2750253677368164, 0.2790229320526123, 0.17801284790039062, 0.11299967765808105, 0.21701550483703613, 0.09301114082336426, 0.21401524543762207, 0.10799884796142578, 0.1940145492553711, 0.17500925064086914]
Tiempo blancas
[0.571042537689209, 0.5722537040710449, 0.6450517177581787, 0.6120455265045166, 0.873103141784668, 0.772057294845581, 0.8464443683624268, 0.8580644130706787, 1.3112540245056152, 1.041990041732788, 1.1293060779571533, 0.4240279197692871, 0.6210408210754395, 0.5420401096343994, 0.6090450286865234, 0.33251285552978516, 0.4820389747619629, 0.560039758682251, 0.8810653686523438, 0.5740973949432373, 0.3430287837982178, 0.3050227165222168, 0.38402843475341797, 0.2810208797454834, 0.4200310707092285, 0.311021089553833, 0.39203310012817383, 0.398104190826416, 0.2980217933654785, 0.2720203399658203, 0.36908555030822754, 0.37603282928466797, 0.3730275630950928, 0.318023681640625, 0.35002589225769043, 0.6050400733947754, 0.47213268280029297, 0.34402990341186523, 0.37602710723876953, 0.3793010711669922, 0.6870508193969727, 0.511038064956665, 0.626617431640625, 0.43203210830688477, 0.7041306495666504, 0.9340691566467285, 0.9821507930755615, 1.1200878620147705, 0.4990413188934326, 0.5390398502349854, 0.7630565166473389, 0.6730327606201172, 0.6982836723327637, 0.7150633335113525, 0.1960146427154541, 0.28701043128967285, 0.4141244888305664, 0.2770252227783203, 0.19501471519470215, 0.25002217292785645, 0.2960216999053955, 0.19700932502746582, 0.33602285385131836, 0.2290208339691162, 0.2520179748535156, 0.4440321922302246]


Ganador: Negro
Nodos expandidos por el jugador negro: 15434
Nodos expandidos por el jugador blanco: 3361
Tiempo negras:
[1.1041698455810547, 1.1840856075286865, 1.4941051006317139, 1.1800873279571533, 0.8840653896331787, 0.9570662975311279, 0.733335018157959, 0.3490290641784668, 0.23201727867126465, 0.2270212173461914, 0.43903231620788574, 0.3961927890777588, 0.5180377960205078, 0.8841822147369385, 0.8404333591461182, 0.2600240707397461, 0.5320444107055664, 1.249091386795044, 0.7990639209747314, 1.3630993366241455, 2.017655611038208, 1.2530927658081055, 0.8460676670074463, 0.8001832962036133, 0.9630744457244873, 1.2620935440063477, 2.6693990230560303, 1.0050790309906006, 1.077437400817871, 1.0922937393188477, 0.8900792598724365, 0.6140284538269043, 0.37111353874206543, 0.833198070526123]
Tiempo blancas
[0.46103358268737793, 0.48403477668762207, 0.5540409088134766, 0.6360471248626709, 0.6450467109680176, 0.3492732048034668, 0.3100290298461914, 0.22501444816589355, 0.135009765625, 0.13600993156433105, 0.3770275115966797, 0.24601221084594727, 0.4130284786224365, 0.43403172492980957, 0.32802391052246094, 0.22401666641235352, 0.5050325393676758, 0.651047945022583, 0.7120523452758789, 0.9200682640075684, 0.6030619144439697, 0.4560508728027344, 0.2330172061920166, 0.35711002349853516, 0.4220287799835205, 0.28702259063720703, 0.2180156707763672, 0.2290172576904297, 0.22285962104797363, 0.21770334243774414, 0.18200159072875977, 0.07315492630004883, 0.06601405143737793]


Ganador: Blanco
Nodos expandidos por el jugador negro: 6503
Nodos expandidos por el jugador blanco: 2694
Tiempo negras:
[1.1301004886627197, 1.3893580436706543, 1.509256362915039, 0.7330553531646729, 1.1210768222808838, 1.5101120471954346, 1.0030741691589355, 0.9231607913970947, 0.8730645179748535, 1.0720791816711426, 0.6680493354797363, 0.3850274085998535, 0.5280389785766602, 0.5212926864624023, 0.22230863571166992, 0.38402891159057617, 0.5040373802185059, 0.3290247917175293, 0.20801043510437012, 0.1409006118774414, 0.04100298881530762]
Tiempo blancas
[0.4470329284667969, 0.5610413551330566, 0.5890417098999023, 0.3150160312652588, 0.672778844833374, 0.38602352142333984, 0.4512345790863037, 0.5131242275238037, 0.6692774295806885, 0.3842341899871826, 0.3020181655883789, 0.3140280246734619, 0.41902923583984375, 0.7221336364746094, 0.22801637649536133, 0.24601244926452637, 0.4310319423675537, 0.29502201080322266, 0.3310246467590332, 0.37903261184692383, 0.2880208492279053]


Ganador: Blanco
Nodos expandidos por el jugador negro: 28068
Nodos expandidos por el jugador blanco: 11913
Tiempo negras:
[1.1421012878417969, 1.598292589187622, 1.5940771102905273, 1.534548044204712, 2.3225512504577637, 1.508197546005249, 1.5531153678894043, 3.2062370777130127, 2.6551921367645264, 2.179572820663452, 2.1883327960968018, 1.0330767631530762, 1.2241849899291992, 0.9640710353851318, 0.6861460208892822, 1.2781035900115967, 0.9551792144775391, 0.8980667591094971, 0.5810413360595703, 0.6870508193969727, 0.5272824764251709, 0.4490325450897217, 0.5800380706787109, 0.6972746849060059, 0.7171313762664795, 1.005239725112915, 0.48703718185424805, 0.9082727432250977, 0.9052624702453613, 1.022075891494751, 0.6160454750061035, 0.47693443298339844, 0.3810279369354248, 0.6200442314147949, 0.7222089767456055, 0.8353469371795654, 1.0551540851593018, 0.6440529823303223, 0.7894740104675293, 0.46903491020202637, 0.38103365898132324, 0.5950446128845215, 0.8102025985717773, 0.41903114318847656, 0.36102795600891113, 0.5160379409790039, 0.768052339553833, 0.8250608444213867, 0.6510477066040039, 0.060004472732543945, 0.031002044677734375, 0.051004886627197266, 0.0650031566619873, 0.0630040168762207, 0.05099892616271973, 0.04300284385681152, 0.05999946594238281, 0.05899930000305176, 0.04202079772949219, 0.06500482559204102, 0.07800626754760742, 0.07600259780883789, 0.07801222801208496, 0.07800483703613281, 0.05600786209106445, 0.07700586318969727, 0.08600544929504395, 0.07500553131103516, 0.08200621604919434, 0.0740053653717041, 0.08696389198303223, 0.05893754959106445, 0.142958402633667, 0.04900670051574707]
Tiempo blancas
[0.4950377941131592, 0.5751256942749023, 0.6940493583679199, 0.6670594215393066, 0.7040514945983887, 0.8520681858062744, 1.0490777492523193, 1.9581446647644043, 0.892066240310669, 1.4004826545715332, 0.724130392074585, 0.44002652168273926, 0.40010881423950195, 0.41803526878356934, 0.7255098819732666, 0.5870428085327148, 0.5970437526702881, 0.43212890625, 0.5472908020019531, 0.42403149604797363, 0.2870213985443115, 0.3514254093170166, 0.34702587127685547, 0.5200462341308594, 0.30602216720581055, 0.24103546142578125, 0.21001505851745605, 0.3110208511352539, 0.37602782249450684, 0.3260226249694824, 0.21301555633544922, 0.20301580429077148, 0.19001460075378418, 0.26901817321777344, 0.29302120208740234, 0.32602453231811523, 0.30802249908447266, 0.5872361660003662, 0.40911078453063965, 0.3560211658477783, 0.46103382110595703, 0.45401597023010254, 0.6001176834106445, 0.5810191631317139, 0.2960212230682373, 0.370222806930542, 0.5833985805511475, 1.1683268547058105, 0.3520216941833496, 0.03900289535522461, 0.041002511978149414, 0.0710000991821289, 0.09200668334960938, 0.10000920295715332, 0.0740053653717041, 0.07800602912902832, 0.10600900650024414, 0.11322331428527832, 0.07800602912902832, 0.10501241683959961, 0.13108444213867188, 0.1390087604522705, 0.13301491737365723, 0.1430051326751709, 0.11400985717773438, 0.14100956916809082, 0.19302058219909668, 0.16297578811645508, 0.22699737548828125, 0.15202975273132324, 0.22493577003479004, 0.23502159118652344, 0.13501453399658203, 0.15299296379089355]


Ganador: Blanco
Nodos expandidos por el jugador negro: 20212
Nodos expandidos por el jugador blanco: 8411
Tiempo negras:
[1.1973655223846436, 1.5253658294677734, 1.3810985088348389, 1.4470863342285156, 1.776200532913208, 2.0573818683624268, 3.2466814517974854, 3.0723352432250977, 3.3424367904663086, 2.496804714202881, 2.5132036209106445, 1.9423985481262207, 1.4904091358184814, 0.8022565841674805, 0.42203259468078613, 0.5020415782928467, 0.640042781829834, 0.46103405952453613, 0.2660186290740967, 0.3362598419189453, 0.23901796340942383, 0.23001861572265625, 0.0900888442993164, 0.09300732612609863, 0.13200950622558594, 0.19301414489746094, 0.28800344467163086, 0.2674825191497803, 0.20001482963562012, 0.12702488899230957, 0.08621597290039062, 0.10600972175598145, 0.08300566673278809, 0.14199113845825195, 0.14100980758666992, 0.04800701141357422, 0.13901019096374512, 0.12900662422180176, 0.14101052284240723, 0.289015531539917, 0.6613180637359619, 0.23202300071716309, 0.7231903076171875, 0.29909706115722656, 0.19301390647888184, 0.32802367210388184, 0.17501282691955566, 0.39702892303466797, 0.22496819496154785, 0.10000777244567871, 0.1850125789642334, 0.10500288009643555, 0.19501471519470215, 0.17713618278503418]
Tiempo blancas
[0.4840354919433594, 0.879063606262207, 0.6993029117584229, 0.5983498096466064, 0.810063362121582, 0.8800625801086426, 0.7270572185516357, 1.2432422637939453, 0.6690490245819092, 0.8860657215118408, 0.9822688102722168, 0.9310686588287354, 0.8707404136657715, 0.2410135269165039, 0.3649439811706543, 0.31902337074279785, 0.6450517177581787, 0.338024377822876, 0.4341554641723633, 0.38303065299987793, 0.25401830673217773, 0.3222024440765381, 0.11326742172241211, 0.12500882148742676, 0.12600994110107422, 0.17701339721679688, 0.21703171730041504, 0.3470282554626465, 0.11000370979309082, 0.12099027633666992, 0.10009264945983887, 0.08901286125183105, 0.10500788688659668, 0.14121007919311523, 0.1190955638885498, 0.16601252555847168, 0.1360158920288086, 0.12301135063171387, 0.17200803756713867, 0.29702210426330566, 0.21401524543762207, 0.3080298900604248, 0.25802135467529297, 0.21101593971252441, 0.24501729011535645, 0.2310173511505127, 0.29901671409606934, 0.24101829528808594, 0.43403172492980957, 0.20900964736938477, 0.2790205478668213, 0.22701668739318848, 0.19501399993896484, 0.25201845169067383]


Ganador: Negro
Nodos expandidos por el jugador negro: 30939
Nodos expandidos por el jugador blanco: 7497
Tiempo negras:
[1.121170997619629, 1.5631155967712402, 1.4381070137023926, 0.7862472534179688, 1.3641016483306885, 0.9250679016113281, 1.19850754737854, 0.6640491485595703, 0.6550488471984863, 0.6170463562011719, 0.5930438041687012, 0.4990370273590088, 0.7742688655853271, 1.0581622123718262, 0.9593350887298584, 1.0780799388885498, 1.0992932319641113, 0.6311283111572266, 0.8560712337493896, 0.8170604705810547, 0.9584929943084717, 0.7594723701477051, 1.227400541305542, 1.3971495628356934, 1.225090503692627, 1.41719651222229, 1.273317575454712, 0.6871123313903809, 0.8380615711212158, 0.4590342044830322, 0.7260580062866211, 0.7800579071044922, 0.7580559253692627, 0.7640566825866699, 0.8620634078979492, 1.239088535308838, 1.2766625881195068, 1.0890710353851318, 1.122269630432129, 0.6810369491577148, 0.5440413951873779, 1.0311155319213867, 0.3001289367675781, 0.24901700019836426, 0.5820391178131104, 0.3750431537628174, 0.19301581382751465, 0.08200931549072266, 0.1860182285308838, 0.3830404281616211, 0.4690392017364502, 0.6480426788330078, 0.5562350749969482, 0.5319604873657227, 0.16601085662841797, 0.33926939964294434, 0.7290542125701904, 0.2480177879333496, 0.22901654243469238, 0.23901724815368652, 0.3640270233154297, 0.31302452087402344, 0.3010220527648926, 0.2630188465118408, 0.3000216484069824, 0.385042667388916, 0.47403907775878906, 0.14923453330993652, 0.07801198959350586, 0.07505607604980469]
Tiempo blancas
[0.5450403690338135, 0.8930609226226807, 0.40802526473999023, 0.4610280990600586, 0.4120297431945801, 0.7430553436279297, 0.39302921295166016, 0.29102659225463867, 0.21901655197143555, 0.2610185146331787, 0.2090158462524414, 0.374009370803833, 0.43730831146240234, 0.5150384902954102, 0.5230379104614258, 0.4900364875793457, 0.5832846164703369, 0.383026123046875, 0.30802273750305176, 0.6276001930236816, 0.23401808738708496, 0.4521183967590332, 0.38002777099609375, 0.49929165840148926, 0.47603487968444824, 0.5200386047363281, 0.40802979469299316, 0.29902029037475586, 0.211014986038208, 0.18201398849487305, 0.2990274429321289, 0.22802233695983887, 0.26902008056640625, 0.5739853382110596, 0.5480401515960693, 0.41802525520324707, 0.37215209007263184, 0.3680384159088135, 0.3350193500518799, 0.26703333854675293, 0.5692436695098877, 0.2916290760040283, 0.32102322578430176, 0.21347284317016602, 0.39101243019104004, 0.17225861549377441, 0.11400890350341797, 0.0650029182434082, 0.0980076789855957, 0.10400819778442383, 0.15201187133789062, 0.1830136775970459, 0.1810152530670166, 0.1070089340209961, 0.14501166343688965, 0.20001506805419922, 0.13701152801513672, 0.09501266479492188, 0.10508131980895996, 0.14001035690307617, 0.18201684951782227, 0.13497018814086914, 0.09801220893859863, 0.07700133323669434, 0.15001249313354492, 0.19701433181762695, 0.12401676177978516, 0.03800511360168457, 0.026996850967407227]


Ganador: Negro
Nodos expandidos por el jugador negro: 26711
Nodos expandidos por el jugador blanco: 8074
Tiempo negras:
[1.1161010265350342, 1.5203042030334473, 1.922147274017334, 2.5972704887390137, 2.210315227508545, 2.622194528579712, 2.3604774475097656, 1.5901317596435547, 1.6891248226165771, 1.5033636093139648, 1.7853915691375732, 1.9731402397155762, 2.847360134124756, 2.0522122383117676, 1.5771162509918213, 1.6451256275177002, 1.5721166133880615, 2.281377077102661, 1.190183401107788, 0.8880658149719238, 0.9880733489990234, 0.7220537662506104, 1.0510776042938232, 0.6870505809783936, 0.5970442295074463, 0.9900732040405273, 1.0009706020355225, 0.7830581665039062, 1.0634377002716064, 0.8200557231903076, 0.7410533428192139, 0.7500553131103516, 0.5470404624938965, 0.2909114360809326, 0.2420179843902588, 0.26201939582824707, 0.17401766777038574, 0.06700491905212402, 0.0740053653717041, 0.06898808479309082, 0.08801412582397461, 0.047006845474243164]
Tiempo blancas
[0.4920363426208496, 0.7650566101074219, 0.8900656700134277, 0.8448114395141602, 1.0913403034210205, 1.2400870323181152, 1.4031038284301758, 1.3871889114379883, 0.9610700607299805, 0.8731088638305664, 1.1060867309570312, 1.2543272972106934, 1.359100341796875, 0.7785830497741699, 0.7160534858703613, 0.7820205688476562, 1.209089756011963, 0.5531952381134033, 0.3790276050567627, 0.5070376396179199, 0.5720424652099609, 0.4100353717803955, 0.29102134704589844, 0.3024163246154785, 0.30715107917785645, 0.4070253372192383, 0.5164167881011963, 0.45111966133117676, 0.44912290573120117, 0.4030294418334961, 0.5790443420410156, 0.23401737213134766, 0.4600341320037842, 0.25200438499450684, 0.28801631927490234, 0.20498967170715332, 0.21601581573486328, 0.11300873756408691, 0.06498456001281738, 0.11700749397277832, 0.0740048885345459, 0.02200150489807129]






