
Ganador: Blanco
Nodos expandidos por el jugador negro: 166
Nodos expandidos por el jugador blanco: 1967
Tiempo negras:
[0.04800295829772949, 0.04300284385681152, 0.048006296157836914, 0.0480036735534668, 0.03699898719787598, 0.031047821044921875, 0.04599905014038086, 0.0370020866394043, 0.050009727478027344, 0.03400254249572754, 0.028001070022583008, 0.026813030242919922, 0.030994415283203125, 0.026002168655395508, 0.03400254249572754, 0.030002117156982422, 0.027991771697998047, 0.016000986099243164, 0.02699756622314453, 0.020000696182250977, 0.02099323272705078, 0.02099752426147461, 0.01700139045715332, 0.025012969970703125, 0.022997617721557617, 0.005013227462768555]
Tiempo blancas
[0.16001176834106445, 0.19901466369628906, 0.20701122283935547, 0.19200611114501953, 0.20000410079956055, 0.20100951194763184, 0.18601202964782715, 0.10100674629211426, 0.19800972938537598, 0.13402104377746582, 0.10902023315429688, 0.1830134391784668, 0.16501832008361816, 0.19901442527770996, 0.17501282691955566, 0.15125751495361328, 0.1414501667022705, 0.1740124225616455, 0.15101194381713867, 0.16000938415527344, 0.13801026344299316, 0.11300802230834961, 0.10999488830566406, 0.17913126945495605, 0.18601369857788086, 0.04401803016662598]


Ganador: Blanco
Nodos expandidos por el jugador negro: 115
Nodos expandidos por el jugador blanco: 1460
Tiempo negras:
[0.04699110984802246, 0.03756427764892578, 0.037001848220825195, 0.05900859832763672, 0.06002378463745117, 0.03900289535522461, 0.038990020751953125, 0.04700303077697754, 0.03701162338256836, 0.03237771987915039, 0.033002376556396484, 0.020998001098632812, 0.02001214027404785, 0.022998571395874023, 0.022998332977294922, 0.018088102340698242, 0.004003763198852539]
Tiempo blancas
[0.15909337997436523, 0.17600059509277344, 0.17301249504089355, 0.21201157569885254, 0.2090144157409668, 0.174025297164917, 0.2340080738067627, 0.2220151424407959, 0.21201515197753906, 0.2020106315612793, 0.24301743507385254, 0.16925477981567383, 0.19301462173461914, 0.16501212120056152, 0.1800088882446289, 0.1280057430267334, 0.06900882720947266]


Ganador: Blanco
Nodos expandidos por el jugador negro: 113
Nodos expandidos por el jugador blanco: 1358
Tiempo negras:
[0.046785831451416016, 0.04400777816772461, 0.03901219367980957, 0.041002750396728516, 0.03700137138366699, 0.04601263999938965, 0.05200314521789551, 0.041002750396728516, 0.02900218963623047, 0.030002355575561523, 0.02800154685974121, 0.023001432418823242, 0.017004966735839844, 0.02499985694885254, 0.016011714935302734, 0.011997699737548828, 0.019001007080078125, 0.015004634857177734, 0.01101231575012207, 0.007004499435424805]
Tiempo blancas
[0.1580197811126709, 0.1635429859161377, 0.22311806678771973, 0.21624994277954102, 0.21735620498657227, 0.16201210021972656, 0.196274995803833, 0.18801331520080566, 0.12700939178466797, 0.16201186180114746, 0.12223172187805176, 0.12500405311584473, 0.11300277709960938, 0.13699984550476074, 0.1400010585784912, 0.14902162551879883, 0.1670081615447998, 0.0930027961730957, 0.07102513313293457, 0.0650167465209961]


Ganador: Blanco
Nodos expandidos por el jugador negro: 126
Nodos expandidos por el jugador blanco: 1684
Tiempo negras:
[0.04500293731689453, 0.04301571846008301, 0.03800702095031738, 0.03800225257873535, 0.04900336265563965, 0.048012495040893555, 0.035794973373413086, 0.02900218963623047, 0.037994384765625, 0.040006399154663086, 0.04300284385681152, 0.01902151107788086, 0.015004396438598633, 0.014999628067016602, 0.018006563186645508, 0.018001317977905273, 0.019001245498657227, 0.009990930557250977, 0.01599907875061035, 0.007000446319580078, 0.0030002593994140625, 0.006000518798828125]
Tiempo blancas
[0.16817975044250488, 0.17702579498291016, 0.17306995391845703, 0.22902512550354004, 0.29101037979125977, 0.2530097961425781, 0.2280128002166748, 0.24000954627990723, 0.2080061435699463, 0.30003809928894043, 0.2540578842163086, 0.14901113510131836, 0.10500240325927734, 0.08901691436767578, 0.10900330543518066, 0.08499526977539062, 0.14200568199157715, 0.07100439071655273, 0.09100675582885742, 0.039002418518066406, 0.04601883888244629, 0.03701496124267578]

Ganador: Blanco
Nodos expandidos por el jugador negro: 145
Nodos expandidos por el jugador blanco: 1541
Tiempo negras:
[0.046015262603759766, 0.04401588439941406, 0.04200291633605957, 0.04099893569946289, 0.0450139045715332, 0.045003414154052734, 0.05500292778015137, 0.0370030403137207, 0.030115604400634766, 0.02900075912475586, 0.03301119804382324, 0.03300118446350098, 0.027010679244995117, 0.023009777069091797, 0.02700209617614746, 0.018011808395385742, 0.012990236282348633, 0.017000675201416016, 0.013007402420043945, 0.01700448989868164, 0.010000228881835938, 0.00500035285949707]
Tiempo blancas
[0.16299867630004883, 0.19101834297180176, 0.16100263595581055, 0.14902162551879883, 0.18708539009094238, 0.22600555419921875, 0.18000078201293945, 0.198014497756958, 0.1380002498626709, 0.19200515747070312, 0.17000627517700195, 0.17800426483154297, 0.1380019187927246, 0.17200660705566406, 0.11000823974609375, 0.0879976749420166, 0.07501387596130371, 0.07500457763671875, 0.09198951721191406, 0.0870065689086914, 0.08498573303222656, 0.03798484802246094]

Ganador: Blanco
Nodos expandidos por el jugador negro: 152
Nodos expandidos por el jugador blanco: 1733
Tiempo negras:
[0.04701566696166992, 0.04300284385681152, 0.04400324821472168, 0.04201340675354004, 0.0560610294342041, 0.05400395393371582, 0.048943281173706055, 0.037993431091308594, 0.03900861740112305, 0.036002397537231445, 0.030010700225830078, 0.02800154685974121, 0.030008316040039062, 0.038999319076538086, 0.03500199317932129, 0.02700185775756836, 0.018011093139648438, 0.024992704391479492, 0.02000117301940918, 0.016012191772460938, 0.009999275207519531, 0.006015300750732422]
Tiempo blancas
[0.16801166534423828, 0.19909429550170898, 0.19301152229309082, 0.2924919128417969, 0.24901413917541504, 0.202073335647583, 0.1300053596496582, 0.14701080322265625, 0.1110081672668457, 0.10700702667236328, 0.09500646591186523, 0.16800594329833984, 0.20201587677001953, 0.1980142593383789, 0.22501683235168457, 0.24509572982788086, 0.17100858688354492, 0.1689915657043457, 0.1379990577697754, 0.11199784278869629, 0.07502126693725586, 0.07401704788208008]

Ganador: Blanco
Nodos expandidos por el jugador negro: 99
Nodos expandidos por el jugador blanco: 1403
Tiempo negras:
[0.04701542854309082, 0.03801846504211426, 0.03800177574157715, 0.029984235763549805, 0.031006336212158203, 0.03600358963012695, 0.037154436111450195, 0.02800154685974121, 0.028001785278320312, 0.031001806259155273, 0.02500176429748535, 0.016000986099243164, 0.01900482177734375, 0.014010190963745117, 0.022011280059814453, 0.010000467300415039, 0.010000944137573242, 0.0030045509338378906, 0.0059947967529296875]
Tiempo blancas
[0.15802979469299316, 0.14902377128601074, 0.23526549339294434, 0.1500093936920166, 0.19200849533081055, 0.23799467086791992, 0.24501800537109375, 0.2510185241699219, 0.2110154628753662, 0.1740121841430664, 0.13600969314575195, 0.14923524856567383, 0.1090085506439209, 0.14002132415771484, 0.13401031494140625, 0.09102058410644531, 0.07901692390441895, 0.054018497467041016, 0.05401492118835449]

Ganador: Blanco
Nodos expandidos por el jugador negro: 147
Nodos expandidos por el jugador blanco: 1664
Tiempo negras:
[0.04700279235839844, 0.05801653861999512, 0.052002906799316406, 0.0500032901763916, 0.04400300979614258, 0.051995277404785156, 0.04200553894042969, 0.04199409484863281, 0.0550076961517334, 0.03500223159790039, 0.02599334716796875, 0.02599477767944336, 0.03500723838806152, 0.030008792877197266, 0.03099346160888672, 0.025013446807861328, 0.014997005462646484, 0.01799297332763672, 0.01400136947631836, 0.0059947967529296875, 0.003000497817993164, 0.00699162483215332]
Tiempo blancas
[0.18047070503234863, 0.20603132247924805, 0.19913768768310547, 0.21301555633544922, 0.19209051132202148, 0.1810133457183838, 0.19400978088378906, 0.19901490211486816, 0.1901865005493164, 0.14908099174499512, 0.14501047134399414, 0.20500636100769043, 0.18900394439697266, 0.18200254440307617, 0.15301156044006348, 0.11200523376464844, 0.13401317596435547, 0.11300253868103027, 0.07999968528747559, 0.08602762222290039, 0.05501699447631836, 0.05700850486755371]

Ganador: Blanco
Nodos expandidos por el jugador negro: 120
Nodos expandidos por el jugador blanco: 1683
Tiempo negras:
[0.04700326919555664, 0.04301786422729492, 0.04999947547912598, 0.03499436378479004, 0.03800249099731445, 0.049002885818481445, 0.03500199317932129, 0.03702831268310547, 0.027008533477783203, 0.02700066566467285, 0.025002002716064453, 0.021001815795898438, 0.02399277687072754, 0.015008687973022461, 0.01599264144897461, 0.023005008697509766, 0.02198934555053711, 0.013765335083007812, 0.011000394821166992, 0.0070002079010009766, 0.004003286361694336]
Tiempo blancas
[0.1560225486755371, 0.20102787017822266, 0.2651803493499756, 0.1880173683166504, 0.22702360153198242, 0.24901890754699707, 0.20223259925842285, 0.18201303482055664, 0.1990060806274414, 0.14400148391723633, 0.1370100975036621, 0.15300679206848145, 0.1650087833404541, 0.09400629997253418, 0.14100289344787598, 0.17531704902648926, 0.15702390670776367, 0.15301966667175293, 0.09602236747741699, 0.07102489471435547, 0.06401610374450684]

Ganador: Blanco
Nodos expandidos por el jugador negro: 157
Nodos expandidos por el jugador blanco: 1598
Tiempo negras:
[0.04801535606384277, 0.04500174522399902, 0.04400324821472168, 0.03700423240661621, 0.05600404739379883, 0.04299449920654297, 0.051003456115722656, 0.04300665855407715, 0.04100298881530762, 0.04500317573547363, 0.036002397537231445, 0.03096771240234375, 0.03400278091430664, 0.028002262115478516, 0.030995607376098633, 0.02300238609313965, 0.019998550415039062, 0.01600360870361328, 0.015019893646240234, 0.008998394012451172, 0.010021209716796875]
Tiempo blancas
[0.1610245704650879, 0.16402411460876465, 0.2028791904449463, 0.20200848579406738, 0.21501588821411133, 0.2106926441192627, 0.22109603881835938, 0.16900944709777832, 0.1650099754333496, 0.16001152992248535, 0.15205883979797363, 0.1980128288269043, 0.18001270294189453, 0.1620321273803711, 0.1420137882232666, 0.1190042495727539, 0.12802410125732422, 0.09302496910095215, 0.05300617218017578, 0.06598520278930664, 0.06001138687133789]

